class tK_SkaarjSparkles extends SkaarjSparkles;

defaultproperties
{
     mMaxParticles=10
     mLifeRange(0)=0.200000
     mRegenRange(0)=10.000000
     mRegenRange(1)=10.000000
     mPosDev=(X=0.001000,Y=0.001000,Z=0.001000)
     mSpeedRange(0)=25.000000
     mSpeedRange(1)=25.000000
     mSizeRange(0)=20.000000
     mSizeRange(1)=20.000000
     mGrowthRate=-10.000000
}
